potted plant_1: 0.259319 מ״ק
chair_1: 1.991732 מ״ק
potted plant_2: 0.062922 מ״ק
chair_2: 1.084087 מ״ק
book_1: 0.115957 מ״ק
laptop_1: 0.249544 מ״ק
book_2: 0.085687 מ״ק
book_3: 0.071911 מ״ק
book_4: 0.075883 מ״ק
tv_1: 0.250982 מ״ק
book_5: 0.059450 מ״ק
book_6: 0.078305 מ״ק
book_7: 0.170835 מ״ק
book_8: 0.071361 מ״ק
potted plant_3: 0.025124 מ״ק
vase_1: 0.033888 מ״ק
book_9: 0.061349 מ״ק
book_10: 0.060406 מ״ק
book_11: 0.033978 מ״ק
vase_2: 0.049147 מ״ק
